01011010
10000100
01110100
11001011
11010010
01111001
10011010
11110010
01111000
10101101
10111100
01110111
00011011
10000011
11101001
01111010
00111001
10100001
10010001
00001010
01110100
01101011
00001011
10101010
10000001
10010111
11010010
00010010
01000110
01100110
01110111
01111101
01111111
01111101
01110111
01100110
01000110
00010010
11010010
10010111
10000001
10101010
00001011
01101011
01110100
00001010
10010001
10100001
00111001
01111010
11101001
10000011
00011011
01110111
10111100
10101101
01111000
11110010
10011010
01111001
11010010
11001011
01110100
10000100
-102
121
-46
-53
116
-124
