-28
127
-109
55
23
-95
127
-96
10
86
-127
75
38
-122
94
28
-123
80
60
-126
22
115
-80
-82
109
53
-119
-40
121
45
-114
-69
94
102
-49
-126
-27
107
105
-20
-121
-95
22
116
111
22
-80
-127
-98
-18
67
119
123
86
27
-36
-86
-116
-127
-121
-105
-83
-60
-40
-23
-10
-3
0
-3
-10
-23
-40
-60
-83
-105
-121
-127
-116
-86
-36
27
86
123
119
67
-18
-98
-127
-80
22
111
116
22
-95
-121
-20
105
107
-27
-126
-49
102
94
-69
-114
45
121
-40
-119
53
109
-82
-80
115
22
-126
60
80
-123
28
94
-122
38
75
-127
86
10
-96
127
-95
23
55