-124
0
-66
115
-125
85
-4
-83
127
-93
-5
102
-121
36
85
-124
31
99
-112
-18
125
-55
-99
97
66
-116
-44
121
40
-119
-55
107
85
-75
-117
14
124
69
-72
-125
-40
85
125
53
-61
-125
-99
-10
81
126
108
45
-31
-93
-124
-122
-94
-51
-5
38
72
96
112
121
125
127
127
127
127
127
125
121
112
96
72
38
-5
-51
-94
-122
-124
-93
-31
45
108
126
81
-10
-99
-125
-61
53
125
85
-40
-125
-72
69
124
14
-117
-75
85
107
-55
-119
40
121
-44
-116
66
97
-99
-55
125
-18
-112
99
31
-124
85
36
-121
102
-5
-93
127
-83
-4
85
-125
115