-109
-77
15
53
-107
127
-102
37
44
-109
126
-82
-3
89
-127
91
2
-95
126
-69
-40
120
-105
3
103
-119
24
94
-121
23
100
-114
-1
116
-92
-47
127
-40
-102
103
43
-127
19
118
-69
-92
101
62
-117
-36
124
18
-126
-10
127
12
-126
-24
122
46
-112
-74
90
104
-51
-125
-5
122
69
-82
-118
6
121
80
-60
-127
-45
87
122
27
-94
-121
-32
86
126
57
-57
-125
-96
2
97
126
74
-22
-104
-126
-81
3
84
125
113
56
-21
-88
-124
-120
-83
-24
39
90
120
126
110
76
33
-12
-53
-87
-110
-123
-127
-123
-113
-99
-84
-67
-52
-38
-25
-15
-8
-3
0
0
-3
-8
-15
-25
-38
-52
-67
-84
-99
-113
-123
-127
-123
-110
-87
-53
-12
33
76
110
126
120
90
39
-24
-83
-120
-124
-88
-21
56
113
125
84
3
-81
-126
-104
-22
74
126
97
2
-96
-125
-57
57
126
86
-32
-121
-94
27
122
87
-45
-127
-60
80
121
6
-118
-82
69
122
-5
-125
-51
104
90
-74
-112
46
122
-24
-126
12
127
-10
-126
18
124
-36
-117
62
101
-92
-69
118
19
-127
43
103
-102
-40
127
-47
-92
116
-1
-114
100
23
-121
94
24
-119
103
3
-105
120
-40
-69
126
-95
2
91
-127
89
-3
-82
126
-109
44
37
-102
127
-107
53