1
-1
0
1
-2
2
-2
0
3
-4
3
0
-4
7
-4
-2
8
-8
0
9
-11
2
10
-15
3
13
-16
0
18
-15
-8
22
-8
-20
22
9
-29
5
30
-18
-24
28
18
-36
-11
40
6
-44
-4
46
5
-49
-10
50
19
-49
-34
41
49
-25
-62
-2
63
37
-45
-64
3
70
47
-36
-77
-28
55
78
18
-62
-82
-22
60
89
41
-42
-92
-72
2
75
99
58
-18
-84
-104
-67
3
71
107
97
49
-18
-77
-110
-108
-75
-22
36
83
112
119
104
72
32
-12
-51
-84
-107
-120
-125
-121
-111
-98
-83
-66
-52
-38
-25
-15
-8
-3
0
0
-3
-8
-15
-25
-38
-52
-66
-83
-98
-111
-121
-125
-120
-107
-84
-51
-12
32
72
104
119
112
83
36
-22
-75
-108
-110
-78
-18
49
97
107
71
3
-67
-104
-84
-18
58
99
75
2
-72
-94
-42
41
89
61
-22
-82
-62
18
80
55
-28
-77
-37
47
70
3
-66
-45
37
63
-2
-62
-25
49
41
-34
-49
19
50
-10
-49
5
46
-4
-44
6
40
-11
-36
18
28
-24
-18
30
5
-29
10
22
-20
-8
24
-8
-15
18
0
-16
13
3
-15
10
2
-11
9
0
-8
8
-3
-4
7
-4
0
3
-4
3
0
-2
2
-2
1
0
-1
1