92
65
-13
-44
89
-105
84
-30
-36
89
-101
66
2
-70
99
-70
-2
72
-94
51
29
-86
74
-2
-69
80
-16
-60
75
-14
-60
66
1
-65
50
24
-66
20
48
-46
-19
54
-8
-44
24
32
-33
-19
32
10
-31
-4
25
2
-22
-2
15
2
-11
-3
4
0
0
2
-3
-10
0
13
9
-14
-19
1
27
20
-15
-35
-14
29
41
10
-36
-49
-14
37
58
28
-29
-64
-52
1
57
77
45
-14
-68
-85
-55
2
60
92
84
43
-16
-69
-99
-98
-69
-20
33
78
105
112
98
69
30
-11
-49
-82
-104
-118
-123
-119
-110
-97
-83
-66
-51
-38
-25
-15
-8
-3
0
0
-3
-8
-15
-25
-38
-51
-66
-83
-97
-110
-119
-123
-118
-104
-82
-49
-11
30
69
98
112
105
78
33
-20
-69
-98
-99
-70
-16
43
84
93
60
2
-55
-85
-68
-14
45
77
57
1
-52
-67
-29
28
58
40
-14
-49
-36
10
44
29
-14
-35
-17
20
27
1
-23
-14
9
13
0
-10
-3
2
0
0
4
-3
-11
2
15
-2
-22
2
25
-4
-31
10
32
-19
-33
32
24
-44
-8
54
-18
-46
48
20
-63
24
50
-65
1
66
-60
-14
75
-60
-16
80
-69
-2
74
-86
29
51
-94
72
-2
-70
99
-70
2
65
-101
89
-36
-30
84
-105
89
-44