74
52
-10
-36
72
-85
68
-25
-29
71
-82
53
2
-56
79
-56
-1
58
-75
40
23
-68
58
-2
-54
63
-12
-47
58
-11
-46
51
0
-49
37
18
-49
15
35
-33
-14
38
-5
-30
16
22
-21
-12
19
6
-17
-2
12
1
-9
-1
3
0
1
1
-6
-6
7
11
-7
-20
-1
23
15
-20
-28
2
35
25
-19
-43
-16
34
48
11
-41
-56
-16
42
64
30
-32
-69
-55
1
60
81
48
-15
-71
-89
-57
2
63
95
86
44
-17
-70
-101
-100
-70
-20
34
79
107
114
99
69
31
-11
-50
-82
-105
-118
-123
-119
-110
-97
-83
-66
-51
-38
-25
-15
-8
-3
0
0
-3
-8
-15
-25
-38
-51
-66
-83
-97
-110
-119
-123
-118
-105
-82
-50
-11
31
69
99
114
107
79
34
-21
-70
-100
-101
-72
-17
44
86
95
63
2
-57
-89
-71
-15
48
81
60
1
-55
-72
-32
30
64
44
-16
-56
-41
11
51
34
-16
-43
-20
25
35
2
-31
-20
15
23
-1
-20
-7
11
7
-6
-6
1
1
0
3
-1
-9
1
12
-2
-17
6
19
-12
-21
22
16
-30
-5
38
-13
-33
35
15
-46
18
37
-49
0
51
-46
-11
58
-47
-12
63
-54
-2
58
-68
23
40
-75
58
-1
-56
79
-56
2
53
-82
71
-29
-24
68
-85
72
-36