55
85
-105
96
-57
-3
63
-100
97
-53
-15
78
-101
71
-2
-68
98
-64
-12
78
-89
30
50
-87
50
31
-82
54
25
-78
47
32
-71
29
47
-61
-2
60
-36
-34
53
5
-51
17
38
-31
-25
33
13
-33
-6
28
3
-22
-2
18
2
-11
-3
7
2
-1
0
-2
-6
2
10
4
-15
-16
8
25
8
-24
-28
3
36
31
-12
-45
-32
15
53
41
-9
-55
-58
-12
45
71
48
-10
-63
-79
-48
12
66
89
69
16
-44
-87
-98
-72
-23
33
81
104
103
78
36
-12
-57
-92
-113
-117
-107
-87
-60
-30
2
31
56
77
94
106
115
120
123
125
127
127
127
127
127
127
125
123
120
115
106
94
77
56
31
2
-30
-60
-87
-107
-117
-113
-92
-57
-12
36
78
103
106
81
33
-23
-73
-98
-87
-44
16
69
89
66
12
-48
-79
-63
-10
48
71
45
-13
-58
-55
-9
43
53
15
-32
-45
-13
31
36
3
-31
-24
8
25
9
-16
-15
4
10
2
-6
-2
0
-1
2
7
-3
-11
2
18
-2
-22
3
28
-6
-33
13
33
-25
-31
38
17
-51
5
51
-34
-36
60
-1
-61
47
29
-71
32
47
-78
25
54
-82
31
50
-87
50
30
-87
78
-12
-64
96
-68
-2
71
-101
77
-15
-53
97
-99
63
-3
-57
96