45
69
-85
78
-46
-3
51
-81
79
-43
-12
63
-81
57
-1
-55
78
-51
-10
62
-70
24
40
-69
39
24
-64
42
19
-60
36
24
-54
22
36
-45
-1
44
-26
-24
38
3
-35
12
25
-20
-16
21
8
-20
-4
15
1
-9
-1
6
0
1
0
-4
-3
8
7
-8
-16
4
20
7
-23
-23
11
33
11
-31
-35
3
44
36
-14
-52
-37
17
60
46
-10
-60
-63
-13
48
76
51
-11
-66
-83
-51
13
69
92
71
17
-45
-89
-100
-73
-24
34
82
106
104
79
36
-13
-58
-93
-114
-118
-107
-88
-60
-30
2
31
57
77
95
107
115
120
124
126
127
127
127
127
127
127
126
124
120
115
107
95
77
57
31
2
-30
-60
-88
-107
-118
-114
-93
-58
-13
36
79
104
108
82
34
-24
-75
-100
-89
-45
17
71
92
69
13
-51
-83
-66
-11
51
76
48
-14
-63
-60
-10
48
60
17
-37
-52
-15
36
44
3
-38
-31
11
33
13
-23
-23
7
20
4
-16
-8
7
8
-3
-4
0
1
0
6
-1
-9
1
15
-4
-20
8
21
-16
-20
25
12
-35
3
36
-24
-26
44
-1
-45
36
22
-54
24
36
-60
19
42
-64
24
39
-69
40
24
-69
62
-10
-51
77
-55
-1
57
-81
62
-12
-43
79
-80
51
-3
-46
77