-66
-101
126
-115
68
4
-76
121
-119
65
19
-97
127
-90
2
89
-127
84
16
-107
121
-42
-71
127
-74
-46
125
-85
-40
125
-78
-55
127
-51
-88
118
3
-121
76
75
-119
-11
126
-46
-107
87
77
-111
-48
122
26
-126
-13
127
10
-126
-17
125
34
-118
-59
103
89
-73
-116
25
127
37
-107
-97
48
127
38
-98
-112
10
119
93
-35
-124
-85
38
123
94
-19
-113
-113
-24
83
127
82
-17
-103
-125
-74
18
98
127
96
22
-59
-114
-125
-92
-29
41
97
125
121
90
41
-14
-64
-102
-123
-126
-115
-93
-63
-31
2
32
58
79
96
108
116
121
124
126
127
127
127
127
127
127
126
124
121
116
108
96
79
58
32
2
-31
-63
-93
-115
-126
-123
-102
-64
-14
41
90
121
125
97
41
-29
-92
-125
-114
-59
22
96
127
98
18
-74
-125
-103
-17
82
127
83
-24
-113
-113
-19
94
123
38
-85
-124
-35
93
119
10
-112
-98
38
127
48
-97
-107
37
127
25
-116
-73
89
103
-59
-118
34
125
-17
-126
10
127
-13
-126
26
122
-48
-111
77
87
-107
-46
126
-11
-119
75
76
-121
3
118
-88
-51
127
-55
-78
125
-40
-85
125
-46
-74
127
-71
-42
121
-107
16
84
-127
89
2
-90
127
-97
19
65
-119
121
-76
4
68
-115