0
-1
1
-1
1
0
-2
3
-3
0
3
-5
4
1
-6
7
-3
-5
11
-7
-4
13
-9
-5
15
-10
-8
19
-8
-14
21
1
-23
15
16
-25
-2
30
-12
-28
23
21
-33
-15
38
8
-42
-5
46
4
-48
-7
51
14
-50
-26
47
40
-34
-56
12
64
19
-57
-53
26
71
22
-58
-66
6
74
59
-22
-81
-56
26
85
65
-13
-82
-83
-18
62
97
64
-13
-81
-100
-60
15
81
106
81
19
-51
-99
-110
-81
-26
37
88
114
111
83
38
-13
-60
-97
-117
-121
-111
-90
-61
-30
2
31
57
78
95
107
115
121
124
126
127
127
127
127
127
127
126
124
121
115
107
95
78
57
31
2
-30
-61
-90
-111
-121
-117
-97
-60
-13
38
83
111
115
88
37
-26
-82
-110
-99
-51
19
81
106
81
15
-60
-100
-81
-13
64
97
62
-18
-83
-82
-13
66
85
26
-56
-81
-23
59
74
6
-68
-58
22
71
27
-53
-57
19
64
12
-56
-34
40
47
-26
-50
14
51
-7
-48
4
46
-5
-42
8
38
-15
-33
21
23
-28
-12
30
-2
-27
16
15
-23
1
21
-14
-8
19
-8
-10
15
-5
-9
13
-4
-7
11
-5
-3
8
-6
1
4
-6
3
0
-3
3
-2
0
1
-1
1
-1
0