15
-127
-2
127
14
-125
-37
116
70
-92
-104
47
126
18
-115
-88
57
126
37
-96
-116
-6
109
110
2
-107
-116
-24
87
126
70
-36
-115
-118
-49
47
115
122
70
-12
-87
-125
-116
-69
-2
63
109
127
116
83
37
-12
-57
-92
-115
-126
-126
-118
-104
-88
-70
-53
-37
-24
-14
-6
-2
0
-2
-6
-14
-24
-37
-53
-70
-88
-104
-118
-126
-126
-115
-92
-57
-12
37
83
116
127
109
63
-2
-69
-116
-125
-87
-12
70
122
115
47
-49
-118
-115
-36
70
126
87
-24
-116
-107
2
110
109
-6
-116
-96
37
126
57
-88
-115
18
126
47
-104
-92
70
116
-37
-125
14
127