126
0
127
6
-126
-24
121
53
-106
-88
72
118
-17
-126
-54
92
114
-12
-121
-83
51
127
65
-63
-127
-69
51
125
93
-12
-106
-122
-54
47
117
118
54
-36
-106
-126
-93
-24
51
107
127
110
65
6
-51
-96
-121
-126
-114
-88
-54
-18
17
47
72
92
106
116
121
125
126
127
127
127
127
127
126
125
121
116
106
92
72
47
17
-18
-54
-88
-114
-126
-121
-96
-51
6
65
110
127
107
51
-24
-93
-126
-106
-36
54
118
117
47
-54
-122
-106
-12
93
125
51
-69
-127
-63
65
127
51
-83
-121
-12
114
92
-54
-126
-17
118
72
-88
-106
53
121
-24
-126
6